npts: 1000.0
mu0: 0.0000012566370614359172385199
l: 0.5
r_avg: 0.0325
d_rohr: 0.0050000000000000044
r2: 0.035
N0: 574
fmin: 1
rsp: 0.049
fmax: 2500
sigma: 52000000.0
r1: 0.03
